1023
1023
1 0
1 0
1 2 1 2
1 0
1 0
1 2 4 5
1 2 3 6
1 0
1 0
1 2 8 9
1 0
1 0
1 2 11 12
1 2 10 13
1 2 7 14
1 0
1 0
1 2 16 17
1 0
1 0
1 2 19 20
1 2 18 21
1 0
1 0
1 2 23 24
1 0
1 0
1 2 26 27
1 2 25 28
1 2 22 29
1 2 15 30
1 0
1 0
1 2 32 33
1 0
1 0
1 2 35 36
1 2 34 37
1 0
1 0
1 2 39 40
1 0
1 0
1 2 42 43
1 2 41 44
1 2 38 45
1 0
1 0
1 2 47 48
1 0
1 0
1 2 50 51
1 2 49 52
1 0
1 0
1 2 54 55
1 0
1 0
1 2 57 58
1 2 56 59
1 2 53 60
1 2 46 61
1 2 31 62
1 0
1 0
1 2 64 65
1 0
1 0
1 2 67 68
1 2 66 69
1 0
1 0
1 2 71 72
1 0
1 0
1 2 74 75
1 2 73 76
1 2 70 77
1 0
1 0
1 2 79 80
1 0
1 0
1 2 82 83
1 2 81 84
1 0
1 0
1 2 86 87
1 0
1 0
1 2 89 90
1 2 88 91
1 2 85 92
1 2 78 93
1 0
1 0
1 2 95 96
1 0
1 0
1 2 98 99
1 2 97 100
1 0
1 0
1 2 102 103
1 0
1 0
1 2 105 106
1 2 104 107
1 2 101 108
1 0
1 0
1 2 110 111
1 0
1 0
1 2 113 114
1 2 112 115
1 0
1 0
1 2 117 118
1 0
1 0
1 2 120 121
1 2 119 122
1 2 116 123
1 2 109 124
1 2 94 125
1 2 63 126
1 0
1 0
1 2 128 129
1 0
1 0
1 2 131 132
1 2 130 133
1 0
1 0
1 2 135 136
1 0
1 0
1 2 138 139
1 2 137 140
1 2 134 141
1 0
1 0
1 2 143 144
1 0
1 0
1 2 146 147
1 2 145 148
1 0
1 0
1 2 150 151
1 0
1 0
1 2 153 154
1 2 152 155
1 2 149 156
1 2 142 157
1 0
1 0
1 2 159 160
1 0
1 0
1 2 162 163
1 2 161 164
1 0
1 0
1 2 166 167
1 0
1 0
1 2 169 170
1 2 168 171
1 2 165 172
1 0
1 0
1 2 174 175
1 0
1 0
1 2 177 178
1 2 176 179
1 0
1 0
1 2 181 182
1 0
1 0
1 2 184 185
1 2 183 186
1 2 180 187
1 2 173 188
1 2 158 189
1 0
1 0
1 2 191 192
1 0
1 0
1 2 194 195
1 2 193 196
1 0
1 0
1 2 198 199
1 0
1 0
1 2 201 202
1 2 200 203
1 2 197 204
1 0
1 0
1 2 206 207
1 0
1 0
1 2 209 210
1 2 208 211
1 0
1 0
1 2 213 214
1 0
1 0
1 2 216 217
1 2 215 218
1 2 212 219
1 2 205 220
1 0
1 0
1 2 222 223
1 0
1 0
1 2 225 226
1 2 224 227
1 0
1 0
1 2 229 230
1 0
1 0
1 2 232 233
1 2 231 234
1 2 228 235
1 0
1 0
1 2 237 238
1 0
1 0
1 2 240 241
1 2 239 242
1 0
1 0
1 2 244 245
1 0
1 0
1 2 247 248
1 2 246 249
1 2 243 250
1 2 236 251
1 2 221 252
1 2 190 253
1 2 127 254
1 0
1 0
1 2 256 257
1 0
1 0
1 2 259 260
1 2 258 261
1 0
1 0
1 2 263 264
1 0
1 0
1 2 266 267
1 2 265 268
1 2 262 269
1 0
1 0
1 2 271 272
1 0
1 0
1 2 274 275
1 2 273 276
1 0
1 0
1 2 278 279
1 0
1 0
1 2 281 282
1 2 280 283
1 2 277 284
1 2 270 285
1 0
1 0
1 2 287 288
1 0
1 0
1 2 290 291
1 2 289 292
1 0
1 0
1 2 294 295
1 0
1 0
1 2 297 298
1 2 296 299
1 2 293 300
1 0
1 0
1 2 302 303
1 0
1 0
1 2 305 306
1 2 304 307
1 0
1 0
1 2 309 310
1 0
1 0
1 2 312 313
1 2 311 314
1 2 308 315
1 2 301 316
1 2 286 317
1 0
1 0
1 2 319 320
1 0
1 0
1 2 322 323
1 2 321 324
1 0
1 0
1 2 326 327
1 0
1 0
1 2 329 330
1 2 328 331
1 2 325 332
1 0
1 0
1 2 334 335
1 0
1 0
1 2 337 338
1 2 336 339
1 0
1 0
1 2 341 342
1 0
1 0
1 2 344 345
1 2 343 346
1 2 340 347
1 2 333 348
1 0
1 0
1 2 350 351
1 0
1 0
1 2 353 354
1 2 352 355
1 0
1 0
1 2 357 358
1 0
1 0
1 2 360 361
1 2 359 362
1 2 356 363
1 0
1 0
1 2 365 366
1 0
1 0
1 2 368 369
1 2 367 370
1 0
1 0
1 2 372 373
1 0
1 0
1 2 375 376
1 2 374 377
1 2 371 378
1 2 364 379
1 2 349 380
1 2 318 381
1 0
1 0
1 2 383 384
1 0
1 0
1 2 386 387
1 2 385 388
1 0
1 0
1 2 390 391
1 0
1 0
1 2 393 394
1 2 392 395
1 2 389 396
1 0
1 0
1 2 398 399
1 0
1 0
1 2 401 402
1 2 400 403
1 0
1 0
1 2 405 406
1 0
1 0
1 2 408 409
1 2 407 410
1 2 404 411
1 2 397 412
1 0
1 0
1 2 414 415
1 0
1 0
1 2 417 418
1 2 416 419
1 0
1 0
1 2 421 422
1 0
1 0
1 2 424 425
1 2 423 426
1 2 420 427
1 0
1 0
1 2 429 430
1 0
1 0
1 2 432 433
1 2 431 434
1 0
1 0
1 2 436 437
1 0
1 0
1 2 439 440
1 2 438 441
1 2 435 442
1 2 428 443
1 2 413 444
1 0
1 0
1 2 446 447
1 0
1 0
1 2 449 450
1 2 448 451
1 0
1 0
1 2 453 454
1 0
1 0
1 2 456 457
1 2 455 458
1 2 452 459
1 0
1 0
1 2 461 462
1 0
1 0
1 2 464 465
1 2 463 466
1 0
1 0
1 2 468 469
1 0
1 0
1 2 471 472
1 2 470 473
1 2 467 474
1 2 460 475
1 0
1 0
1 2 477 478
1 0
1 0
1 2 480 481
1 2 479 482
1 0
1 0
1 2 484 485
1 0
1 0
1 2 487 488
1 2 486 489
1 2 483 490
1 0
1 0
1 2 492 493
1 0
1 0
1 2 495 496
1 2 494 497
1 0
1 0
1 2 499 500
1 0
1 0
1 2 502 503
1 2 501 504
1 2 498 505
1 2 491 506
1 2 476 507
1 2 445 508
1 2 382 509
1 2 255 510
1 0
1 0
1 2 512 513
1 0
1 0
1 2 515 516
1 2 514 517
1 0
1 0
1 2 519 520
1 0
1 0
1 2 522 523
1 2 521 524
1 2 518 525
1 0
1 0
1 2 527 528
1 0
1 0
1 2 530 531
1 2 529 532
1 0
1 0
1 2 534 535
1 0
1 0
1 2 537 538
1 2 536 539
1 2 533 540
1 2 526 541
1 0
1 0
1 2 543 544
1 0
1 0
1 2 546 547
1 2 545 548
1 0
1 0
1 2 550 551
1 0
1 0
1 2 553 554
1 2 552 555
1 2 549 556
1 0
1 0
1 2 558 559
1 0
1 0
1 2 561 562
1 2 560 563
1 0
1 0
1 2 565 566
1 0
1 0
1 2 568 569
1 2 567 570
1 2 564 571
1 2 557 572
1 2 542 573
1 0
1 0
1 2 575 576
1 0
1 0
1 2 578 579
1 2 577 580
1 0
1 0
1 2 582 583
1 0
1 0
1 2 585 586
1 2 584 587
1 2 581 588
1 0
1 0
1 2 590 591
1 0
1 0
1 2 593 594
1 2 592 595
1 0
1 0
1 2 597 598
1 0
1 0
1 2 600 601
1 2 599 602
1 2 596 603
1 2 589 604
1 0
1 0
1 2 606 607
1 0
1 0
1 2 609 610
1 2 608 611
1 0
1 0
1 2 613 614
1 0
1 0
1 2 616 617
1 2 615 618
1 2 612 619
1 0
1 0
1 2 621 622
1 0
1 0
1 2 624 625
1 2 623 626
1 0
1 0
1 2 628 629
1 0
1 0
1 2 631 632
1 2 630 633
1 2 627 634
1 2 620 635
1 2 605 636
1 2 574 637
1 0
1 0
1 2 639 640
1 0
1 0
1 2 642 643
1 2 641 644
1 0
1 0
1 2 646 647
1 0
1 0
1 2 649 650
1 2 648 651
1 2 645 652
1 0
1 0
1 2 654 655
1 0
1 0
1 2 657 658
1 2 656 659
1 0
1 0
1 2 661 662
1 0
1 0
1 2 664 665
1 2 663 666
1 2 660 667
1 2 653 668
1 0
1 0
1 2 670 671
1 0
1 0
1 2 673 674
1 2 672 675
1 0
1 0
1 2 677 678
1 0
1 0
1 2 680 681
1 2 679 682
1 2 676 683
1 0
1 0
1 2 685 686
1 0
1 0
1 2 688 689
1 2 687 690
1 0
1 0
1 2 692 693
1 0
1 0
1 2 695 696
1 2 694 697
1 2 691 698
1 2 684 699
1 2 669 700
1 0
1 0
1 2 702 703
1 0
1 0
1 2 705 706
1 2 704 707
1 0
1 0
1 2 709 710
1 0
1 0
1 2 712 713
1 2 711 714
1 2 708 715
1 0
1 0
1 2 717 718
1 0
1 0
1 2 720 721
1 2 719 722
1 0
1 0
1 2 724 725
1 0
1 0
1 2 727 728
1 2 726 729
1 2 723 730
1 2 716 731
1 0
1 0
1 2 733 734
1 0
1 0
1 2 736 737
1 2 735 738
1 0
1 0
1 2 740 741
1 0
1 0
1 2 743 744
1 2 742 745
1 2 739 746
1 0
1 0
1 2 748 749
1 0
1 0
1 2 751 752
1 2 750 753
1 0
1 0
1 2 755 756
1 0
1 0
1 2 758 759
1 2 757 760
1 2 754 761
1 2 747 762
1 2 732 763
1 2 701 764
1 2 638 765
1 0
1 0
1 2 767 768
1 0
1 0
1 2 770 771
1 2 769 772
1 0
1 0
1 2 774 775
1 0
1 0
1 2 777 778
1 2 776 779
1 2 773 780
1 0
1 0
1 2 782 783
1 0
1 0
1 2 785 786
1 2 784 787
1 0
1 0
1 2 789 790
1 0
1 0
1 2 792 793
1 2 791 794
1 2 788 795
1 2 781 796
1 0
1 0
1 2 798 799
1 0
1 0
1 2 801 802
1 2 800 803
1 0
1 0
1 2 805 806
1 0
1 0
1 2 808 809
1 2 807 810
1 2 804 811
1 0
1 0
1 2 813 814
1 0
1 0
1 2 816 817
1 2 815 818
1 0
1 0
1 2 820 821
1 0
1 0
1 2 823 824
1 2 822 825
1 2 819 826
1 2 812 827
1 2 797 828
1 0
1 0
1 2 830 831
1 0
1 0
1 2 833 834
1 2 832 835
1 0
1 0
1 2 837 838
1 0
1 0
1 2 840 841
1 2 839 842
1 2 836 843
1 0
1 0
1 2 845 846
1 0
1 0
1 2 848 849
1 2 847 850
1 0
1 0
1 2 852 853
1 0
1 0
1 2 855 856
1 2 854 857
1 2 851 858
1 2 844 859
1 0
1 0
1 2 861 862
1 0
1 0
1 2 864 865
1 2 863 866
1 0
1 0
1 2 868 869
1 0
1 0
1 2 871 872
1 2 870 873
1 2 867 874
1 0
1 0
1 2 876 877
1 0
1 0
1 2 879 880
1 2 878 881
1 0
1 0
1 2 883 884
1 0
1 0
1 2 886 887
1 2 885 888
1 2 882 889
1 2 875 890
1 2 860 891
1 2 829 892
1 0
1 0
1 2 894 895
1 0
1 0
1 2 897 898
1 2 896 899
1 0
1 0
1 2 901 902
1 0
1 0
1 2 904 905
1 2 903 906
1 2 900 907
1 0
1 0
1 2 909 910
1 0
1 0
1 2 912 913
1 2 911 914
1 0
1 0
1 2 916 917
1 0
1 0
1 2 919 920
1 2 918 921
1 2 915 922
1 2 908 923
1 0
1 0
1 2 925 926
1 0
1 0
1 2 928 929
1 2 927 930
1 0
1 0
1 2 932 933
1 0
1 0
1 2 935 936
1 2 934 937
1 2 931 938
1 0
1 0
1 2 940 941
1 0
1 0
1 2 943 944
1 2 942 945
1 0
1 0
1 2 947 948
1 0
1 0
1 2 950 951
1 2 949 952
1 2 946 953
1 2 939 954
1 2 924 955
1 0
1 0
1 2 957 958
1 0
1 0
1 2 960 961
1 2 959 962
1 0
1 0
1 2 964 965
1 0
1 0
1 2 967 968
1 2 966 969
1 2 963 970
1 0
1 0
1 2 972 973
1 0
1 0
1 2 975 976
1 2 974 977
1 0
1 0
1 2 979 980
1 0
1 0
1 2 982 983
1 2 981 984
1 2 978 985
1 2 971 986
1 0
1 0
1 2 988 989
1 0
1 0
1 2 991 992
1 2 990 993
1 0
1 0
1 2 995 996
1 0
1 0
1 2 998 999
1 2 997 1000
1 2 994 1001
1 0
1 0
1 2 1003 1004
1 0
1 0
1 2 1006 1007
1 2 1005 1008
1 0
1 0
1 2 1010 1011
1 0
1 0
1 2 1013 1014
1 2 1012 1015
1 2 1009 1016
1 2 1002 1017
1 2 987 1018
1 2 956 1019
1 2 893 1020
1 2 766 1021
1 2 511 1022
