3 6 11 12 13 14 16 18 20 21 24
0 2 3 4 6 7 8 10 11 13 16 17 18 19 20 24
0 1 4 6 7 8 9 11 13 14 15 17 19 22
1 2 5 7 9 12 13 15 16 18 20 21 23
5 8 10 13 15 16 20
0 1 2 8 9 10 11 13 15 17 22 24
0 1 3 7 8 9 13 14 15 16 19 20 21 22
2 3 4 5 10 11 12 18 19 21 22 24
0 2 4 5 6 7 9 10 11 12 14 16 18 20 22
1 2 4 6 10 11 13 14 18 23
1 3 7 11 15 16 18 19 20 21
0 2 4 7 10 15 19 22 23 24
0 1 3 6 9 11 14 15 16 19 20 22 23
1 3 4 8 9 10 11 15 17 22 23 24
1 2 3 4 6 7 8 9 10 11 13 17 19 20 21 22
0 2 6 11 13 16 17 21
2 4 5 6 7 8 9 10 11 17 18 19 20 21
2 3 5 13 14 15 19 20 22
2 3 9 17 19 23
0 1 2 5 6 7 12 17 18 20 21 22 23 24
1 2 3 4 5 6 7 8 9 13 14 16 17 21 22 23
1 2 3 11 12 15 18 22
1 9 10 11 13 18 24
0 2 3 5 7 10 12 13 14 20 22
0 2 3 7 8 11 12 13 14 15 16 17 18 19 21 22
